$ANSIBLE_VAULT;1.1;AES256
61653939396461643265666139316432346539623638363462323362333934373731616364353633
6665383837303763363538616431373666336666613833660a343062343537643931663630373962
36363965366365623838336535323738316161386238343637636232343139373465633737303931
3039386463363663630a666136353763633935626565376131316633396662623334616338313536
62623935396438396663383133383661363862346163646333316539623833343133613236333461
37373862336139636666353032623538363130366636633932363239323764363634656235396233
61383938646639626334656666316638316531363235656565376634633264383136616138333930
38643462343831366466383961346233613164383361383861313634343637346464356465643634
36353131616138363033663037653930656231636566333735313833363865366466373061316161
33383234656133656433396634346239616332343662616263333266383231336634653735646333
37396366306132373938333666323535373130653161356436613662353930316530633561323163
39356639306235613632623234373235323930343361396333623463306365663436393131346631
36356139393231663233323036393861356563326334363765313166623266636436636630623537
62373137373863316637303962653233303831366638343938393636616561353932393332633862
30366465353030306266353534333462383736306266336337653464333534636664653739346262
37383034646232323933386432373961653365396236306136666465356161383337323636376665
36666339383764643332633362333937316165373364343761613436613566653438303539316439
31363464363065373734336435343566323732326330393239356463633333363965316462613431
34653531306535333865633737636266343638303032613737323966646536643338306530643536
66653966656366373339323632393637306163636437393461656133613135613131663364656165
36363534633833313332383265636165643636646362393261356139633633633765356165373432
36306634613630366539663565306335386330313165383537656236663830343637663039383861
63653964656432313664306264653539633661616664646333363062643461643935363531626661
33336535623137653138663435663564636230316661646232616334386361323566633834343433
64636635393865313162383739323761616262336336386131376463366631643833323461333636
6663343532346639363336643762363630336430363066316139
